0.5818716378722383	-0.6720884513633905	0.5989284216286267
-0.9238787230315787	-1.2291728970186997	0.1610454290676907
0.26164499824627657	-0.17882343250671628	0.32830412288525845
-0.3135788451881327	1.7669387113615984	-0.5007947062074753
-0.49876262231510377	1.649507984877278	-0.513734708351097
-0.00020681638519208954	0.26666741551850975	0.027292409104563597
-1.1088961304795681	-0.13691620725389878	-0.20024357413266775
0.05095101455247842	-0.4302473504398197	0.367550332758601
0.15394397887863437	-0.2901365807075843	0.2757662963802982
-0.053710915593706575	0.22571093831787317	0.0948034215253189
-0.0028423561310320336	0.4518203395372129	0.043753449990519055
0.30289999144885715	-0.4375957617591526	0.37738460449873307
0.26625788988588306	-0.882811800210926	0.5550922603347013
0.17432070663518995	-1.1115540714415642	0.5510204077315288
0.22997763678392907	-0.8675103899210842	0.4950655619860347
-0.4780892575358605	0.39021264069068046	-0.10699304838281105
-0.9435399410812423	0.8757816651958242	-0.46986789400838347
0.5855499989439376	-0.7622635654086143	0.6084612845788002
-0.3690258512751566	-0.09308215261700639	0.05806482006533184
0.8675439760819934	-0.08272000227729875	0.5923239509683444
0.2639001048615762	1.3312039393033137	-0.17279414978165283
1.3598227692966183	-0.7211927666797326	0.9502274085035555
-0.2777186385649032	0.4419289839729159	-0.12269542083925575
1.0706491419812092	0.16398908957512584	0.5035049055695124
-0.15211468359555969	0.6978844609963268	-0.12371482365765084
-1.114825709291715	0.5167834630828665	-0.39558854690822454
-0.10822716918042291	-0.3780238772121132	0.22928412201635628
0.2822500287940819	-0.7934436909199011	0.5061133566672693
-0.4164080047461473	-0.003895360286053962	0.03384640828985144
-0.6694304336409336	-0.18013277003484213	-0.018427413729063456
0.10245092521123113	-1.5029660458467926	0.6450219637943246
-0.3114994178692876	0.6138825314734679	-0.2115647819550487
-0.2794457083740089	-0.720743407712074	0.2935808346104219
-0.6951584204833663	-0.5011271080442573	0.05801375347251318
-0.6347306563400518	-0.44062041364257654	0.07832890049821144
-0.15858204220328637	0.9587462308424246	-0.16134774100493154
-0.22830595396238815	-0.815382543395738	0.33718022816095816
-0.17446037246770207	0.8282794638460984	-0.1584297443526233
0.07387902730369018	-0.054769187865627816	0.24867259280120996
-0.09523289699462989	-0.3314511185837007	0.21632181272581247
-0.7657853939864427	0.1830713207599437	-0.22820552557102938
0.6799443454468634	-0.7547358914579259	0.6416056333437659
0.8812434946434327	0.6370833931253813	0.3555509862674519
-0.35311263568489915	0.22340220697846655	-0.018750101814502783
0.03719268456867941	0.7891967798607292	-0.0886237130178743
-0.7578012130284147	0.47926095685539905	-0.2559377077312929
1.1151685565630662	0.8412407248179947	0.3689143444569956
0.19489304734886406	0.06698565975228017	0.22836534710927636
-1.3597979108516716	0.7195639250068209	-0.5722171756431371
-0.499845756896793	0.1265163912372454	-0.07579735924439765
1.4490294279091427	0.1929740297591892	0.7593184306733721
0.5265808660865775	-0.3529124247395156	0.5065925133138
-0.030001842872271773	0.08769484433814867	0.16205071527546916
0.1891721543996444	-0.2402428791675439	0.29153009319705286
-0.506382825845357	1.676772048631419	-0.5581820374309752
0.1567336365634367	2.0202303330380804	-0.38985635118521816
0.24223306315952076	0.09643139435097645	0.21867499622420228
0.797467163533173	0.1578164053401794	0.41659816428527086
-0.006756311918080299	-0.08009291182358987	0.17939987704680277
-1.0340919609239854	-1.4637493118161424	0.19463828215445209
0.14517049879210187	-0.6087880984986721	0.3619919523365818
-0.10650112134772087	0.7646451151612662	-0.1255469955233653
0.1818918561107692	-0.06261380098956054	0.2335577012353548
-0.7735529001303973	-0.2617471717071584	-0.0356987318953632
0.14774080473398446	0.6396017339061376	-0.026409061549315688
-0.020193626291485717	0.3098703699065226	0.10367706975026084
-0.11115378986982176	-1.3133796382876068	0.48174731082222055
0.29609460553857975	1.2823397351939594	-0.0658094528516314
-0.19517400550746847	0.10947487262463801	0.11817251461348982
-0.11692374734297212	-0.1281275071899464	0.12103267761873276
-1.0746669642797926	-0.5276866634043608	-0.07679369815565551
0.9400296932906007	0.33879347850686276	0.42512094600991773
-0.5214673902793773	-1.0870464461195932	0.28651867228886696
-0.15268328869724904	1.9026518891141067	-0.4474210198006733
0.5260704688075516	0.5319337932429321	0.22900818233533
0.0961680314740666	0.24763295798426407	0.1188455860538162
-0.07992583626006086	-0.36967992701814945	0.1833187391465776
0.5767041180852377	0.09516580359621546	0.40662960845640955
-0.23587412003417602	-0.38997297898864675	0.19686769221708278
-0.1513654089048804	-0.8754652610381976	0.4321564327264381
0.283861361241634	-0.3663993945993372	0.3903250879277082
0.10358369987802869	-0.6175745814754223	0.4237981196628599
-0.7340735988192723	0.6744958670136958	-0.27936205025413924
-0.508866147886766	0.8954286370435534	-0.28279705850429926
-0.13085234393823483	0.21209193558405595	0.025111645501526905
-0.040352101856789495	0.738368301446709	-0.08422393427223326
0.6855590631739871	-0.3857213652450236	0.5183873571638382
0.5102266881112854	0.9009577357060534	0.09319411604862088
0.016760948890358902	0.042223682933269654	0.13413696438620337
0.23111198102387212	-0.3058957274878813	0.3378397748327959
0.4088405207660703	-0.1653971093370094	0.3858053803197627
-0.06460588742583137	-0.15825122790322182	0.12839542271884197
-1.0424896037955946	-0.22036901782883897	-0.16935802946034353
0.2706527482520255	0.5083471682952012	0.11788460641948152
0.7961230875518529	-0.00395674282587401	0.534586549943511
-0.7418710460522143	-1.0740574116279324	0.20580257009988542
-0.35068833725350296	-0.3719924035231157	0.12448625377434584
0.3958810971265059	0.2368330869008425	0.2692520278592817
-0.07326906091569108	0.3321788364374476	0.011129763776943101
0.11596852533030115	0.148363853479127	0.20203262929089547
-0.08438511933888744	1.2774598609909873	-0.2725202121042236
0.5954609986042659	-0.7894290666652415	0.5871081982198424
0.2658756587656773	0.6987427234839909	0.16377517558463697
-0.19044464066860964	0.6414936834509826	-0.11443733725635141
0.5872529461333582	0.10372241297159678	0.4262037548844566
-0.2016751914643063	-0.46894115419078597	0.29520552036254505
-0.08434640941740458	-0.4346707927636367	0.2409038123840397
-0.6844386324128663	0.6178676256183916	-0.29126498219690017
-0.19393212734184492	-1.5113531920215508	0.5704208667771679
-0.27593682139492676	-0.18877790123388963	0.07565877614271325
0.3586711016958891	-0.4668101889353749	0.4920673430237626
1.0065272543592896	-0.32440286421566483	0.6932403283687856
-0.7285830020700399	0.35186466196053345	-0.22155807124446084
-0.28145835198261826	0.933759361312733	-0.26179973100489584
1.1670854968597797	-0.569905711359388	0.806136267349611
0.28032411570207577	-0.8041911349971995	0.5337606142867968
0.4099635048812761	-0.08707800748027433	0.3724887570328437
1.10847044309391	0.3436121416416158	0.5214206004402522
-0.8057797623840532	-0.4501720562583585	-0.07295237795507682
-0.5981250893688035	1.18742264163174	-0.44909065623194633
-0.5323937308662353	0.43939267135767807	-0.1888736933313223
-1.0399415043599212	1.2781524756554539	-0.6384498552235246
-0.8596176942629343	0.1245403104862957	-0.22112664451355704
0.5112555660847766	-0.045797275810748606	0.401562530800918
-0.5933665792848116	1.7121939373376025	-0.5774793733700193
0.9830936680753735	0.5657223470319942	0.3865887858936642
0.752994112055516	0.948243735278843	0.1507405556186693
-0.9219984536371497	-1.1376901486021467	0.15516550058299822
-0.8250073422670469	0.3338402040286885	-0.23025614156193638
0.8645939566522262	0.44743304558055513	0.35275024976234814
-0.01068011200847007	0.31208473608286363	0.11917288301230121
0.4586924604541195	-0.4464175852424608	0.5264610437619106
0.2538199312874119	-1.509418295709113	0.7209245773090485
0.4030090205479134	-0.2878702407369847	0.42650113620685376
0.07311524929383076	-0.20986732175680678	0.28151036441404576
-0.8059765710631058	-1.2007751294529092	0.19169176561340487
0.7216587695377561	-0.2611244276047416	0.5337476226980159
0.3714494531283971	0.5455225981994801	0.1728652850439261
-0.035736044506911216	1.038269374203761	-0.15677891822100073
-0.2828682886886494	0.31835037357122586	-0.039467415475605824
0.24333496610005362	0.06177515419938948	0.23062037329933416
-0.1165221273590979	1.9519656648873767	-0.4813711293631098
-0.3373413859543529	-0.32399635961841394	0.1912432388292198
0.673938355703366	-0.5662183490518994	0.6262953702325071
-0.7798496073294445	0.014652051580131715	-0.1412554500040215
-0.04722870572871326	0.5417676973210536	0.00929554897918428
-0.5212152163913705	-0.5137045495341604	0.06709233391907946
0.7693091576376616	0.8000847817360673	0.2672105942661075
0.8312527036346966	0.4037259518769555	0.4257774491461387
-0.0571741862328122	0.31335940088907266	0.07160671861409479
-0.19540846467013787	0.08056401889831909	0.0482431285327039
0.35877612093973077	-0.07377738045890957	0.35132835615437874
0.3643511094488178	-0.6533177056530258	0.5260439832457479
0.6983750606615421	0.059802554593966495	0.4766978949528884
0.06486419784344992	0.44936801582717	0.08138935242461366
-0.39859755671715624	-0.7254811580704783	0.2078131367099756
-0.5970374405714269	-0.2708950114665809	0.056588750076527035
0.8595870172077097	-0.08139383536002498	0.542052200755433
-0.19552629523886578	-0.24134336019610017	0.1888180592522933
-0.059294195798506526	-0.011783290169274995	0.14389598158876368
0.6926429318330473	-1.1760265268323533	0.7694233171285857
0.4828043334982943	0.4011158399498927	0.2602878685464091
-0.12126745201220618	1.0364653614856592	-0.20780531199080404
0.029482984466325593	-0.8046689416789901	0.4262350838433728
1.017819413270286	1.4345827051257312	0.13569801286320807
-0.24008804291334745	0.29984940835608354	-0.03689140353051059
0.27450049372016844	0.08930563217405911	0.27806821803817544
0.07944486557795628	0.06946912399744024	0.24166732294748736
-0.7630014178072443	0.2034485746152743	-0.15189002822069927
-0.4325695505873373	-0.45712239811611655	0.16477232402203762
0.2478072477891957	0.48869406210780697	0.15637513951321552
-0.03986728635522108	-0.7330131359502836	0.3383851900634024
-0.10438834325102427	-0.2500713061862058	0.22545567005401676
1.1965444223237685	1.0011282325662096	0.3561879655703514
0.2815550736555658	-0.5402639413583081	0.4811237114643108
-0.10541302472254606	-0.20108431543074393	0.14771755371265674
-0.7201208769970772	0.7563068630383861	-0.2895624051634916
-0.18190396737234477	1.1045967007562525	-0.26379445632866505
0.2672939941560143	-0.601521083565953	0.4452800616072151
-0.17527240069515945	-0.5903340005406797	0.26678765589943726
0.04372647379901008	0.762072988075196	-0.03514060541922343
0.41386335835573157	-0.050089449360250886	0.31978257331696003
0.49217850551764825	-2.8917604331415654	1.2109409344635045
0.7961076300147301	0.7024724576526574	0.2344216580224518
0.6912455601380191	-0.6407499028147949	0.6112661605452819
0.17407297643442057	0.11837755833964163	0.21800181867341673
-0.3129452228627945	-0.06595713953585264	0.08036486658085079
-0.004209354535943498	-1.0903490195581707	0.5303164338188185
-0.3104598737356835	0.4919482723650924	-0.19290528193299095
0.12708603741128585	0.6116164892838717	0.04586581332880825
-0.61485377371055	-0.2170108830874366	-0.018547616472550536
0.7157605956718671	1.1781263796508847	0.13935617995630245
-0.40804893884676197	0.9731355593751609	-0.3275652675808493
0.7810119086206309	0.7908970715377655	0.19800339226620994
0.2399023371360466	0.0019603251042144623	0.23925668619826423
1.278898540381104	-0.2326545397424822	0.7303278094636032
-0.7906620177208803	1.0216341072265989	-0.44677383052529973
0.05320313002094063	0.967511880507569	-0.11762704348914949
0.23038881240736056	0.666108943927396	0.0655627133637132
0.028161261575227633	0.8336164705372718	-0.08531589373591553
0.42337775642873704	-1.3013953098302136	0.7138269597769891
0.5732332701201611	-0.2099932387821065	0.47358113179938166
-0.016680821923769833	1.2594863052619178	-0.22695735112945478
0.6156422983092533	-0.3422501010823543	0.5434973276640935
0.5271564762201115	-0.9083728253635504	0.6234677369524708
1.209539081847126	1.5493563843004459	0.17328410903913016
-0.9120526819509032	-0.22589927991958805	-0.19507972351862699
-0.47916048765060587	-0.6581326459651884	0.08853097540299623
0.7910841194238365	-0.7761483734528802	0.7399281544494882
0.3838930042722273	0.33288125911209554	0.20067421187210097
-0.149947303731681	1.1063613648164925	-0.197272108903414
-0.6367845581391556	0.3244799175199678	-0.2074154319310213
-1.4751777581879608	-1.318490933882426	-0.01919748700820409
0.5214536018369018	0.20345362913841036	0.3452321555040187
1.1812140930983746	0.37344624067747406	0.5945463986471111
-0.5645191491949739	-0.36896523231828376	0.11108363118980696
-0.4287623080608768	-0.9668266869631263	0.3045850372939796
-0.7460685581030753	-0.03228898766589187	-0.1406687943891399
-0.018045622037264796	-0.5082703773086426	0.3213291725811534
0.2564010203050403	0.1675904611865344	0.17848251415682906
0.6421975021880023	-0.5861596268863799	0.5903030760175375
-0.957044763902316	-0.13317868544098327	-0.18858819593513745
-0.2650786158540051	0.20582606791676536	0.06210299253299458
0.034703380888079206	-0.8225338322620656	0.45495400823391885
0.3544050723106549	-0.06320960953699352	0.29898401716448086
-0.33466585252303166	0.8123864394987282	-0.19393008733831277
-0.33672502871713295	-0.1674366816469979	0.08419216816761692
-0.7016563884403729	-0.5323564528225945	0.05756191922129856
0.0622386830724098	0.09411671372145529	0.1612159632290708
-0.9596532242129371	-1.2229043570343323	0.2036676557677784
-0.01700222128547572	-1.3033280372844285	0.5799995762357525
1.0944948752697288	-0.10419587135227565	0.63148562632644
0.18509493120651777	0.550229527624677	0.08661182189634845
0.7563160512257576	0.38187679030660093	0.3290183800323432
0.042165299228090834	0.5533763123189029	-0.04069155730438073
0.5787363488768128	-1.5910322686275338	0.8498299074731579
0.8352607191613264	-0.363802950493561	0.5946537391808896
0.46116857230063274	-1.5961796835418667	0.8178867499819074
-0.015502665221282918	-0.33186527052845255	0.16023854987708389
-0.48247390011142754	0.6501522450365742	-0.2313907260614305
0.21224953771227215	-0.7889188795104557	0.5067787300057888
0.23044415560853293	0.27319236330647234	0.19836059705776743
0.7305996477884776	0.9306248818293743	0.15742720409828856
-0.5916682636537046	-0.26114211722548847	0.006007988199666303
-0.5207872091935841	0.5386582105072447	-0.15781774075456745
-1.0186096092063268	1.5714870183745842	-0.6341827370782805
0.8197415518435415	-0.18615323134974476	0.5541070725600192
-0.3613917078581748	1.9071785561066188	-0.5273372486027994
-0.28018466824144056	0.2299805459426607	0.0009898010109570046
0.7509106754172279	0.6438742967204969	0.2925295838508855
0.15476718071663584	-0.6563264075724762	0.4309287238476075
0.059291300103617994	0.15693075046208768	0.18700827095710773
0.39675218326232103	-0.6840296981771816	0.4772818216218651
-1.0735266876075318	0.09634154824293463	-0.3020495681742634
0.24859194647630253	-0.3867443680498095	0.4394536810791455
-0.06449442195561533	-2.006878417031758	0.7394932316108702
1.190843989739121	-0.9578192926109445	0.8903772299221168
-0.21660041579595746	0.62743419156139	-0.16167439645976509
-0.11916914228585035	-1.2108187650621678	0.4723552571723685
-0.13818828600150934	0.659859306595803	-0.11593260533529831
0.01286225136888494	-0.5633159580447873	0.3558734114019321
0.5465047218486292	1.9023832605495967	-0.22409618272046125
-0.5304759234386901	0.7868393250391404	-0.28067123479365563
0.10128372870151665	0.21779486294863848	0.19964090452601196
0.2383352844269718	0.21199112580983936	0.19643383839466874
-0.5146674341748194	-0.5952659389525786	0.1430203129139168
0.40227376408560217	0.03597212031057677	0.3190654227213967
-1.454855399433543	-0.29787914156069994	-0.2814281102069097
-0.10040900411299267	0.45803435419198935	-0.03185327900989046
-0.1964650575879198	0.3796370211824321	-0.021585871586311575
-0.16509014630682686	-1.692725112587037	0.608441396743525
0.2084268249330368	-1.3444028416148401	0.6852217642919968
0.12136029389275672	-0.06414704710500163	0.20886910515725948
0.8827482567545434	-0.605719703755169	0.697368796642684
-0.3300482940308493	-1.4287232416391102	0.4618189662024708
0.8434943215404951	-0.2061608414581109	0.5460221410643192
-0.3580376815475129	1.4316602197978263	-0.40253590315452953
0.15096688986505014	-0.573164633054355	0.3952610643503154
0.4849685841216547	0.6294070739898409	0.19447089986443628
-0.2781728533833574	0.6064876885990429	-0.14287037235155475
-0.7470069874279046	0.16259635597140285	-0.1436406751577651
0.898960157989924	-0.3971967554911014	0.6317094263919104
0.2435487100807514	-0.6480893317698166	0.45191372688232156
-0.006842819447528022	-1.6884416375717812	0.6796928628898552
0.35160666129001816	0.5266564180340402	0.17291953746697125
0.2698699797030575	0.6834321839957658	0.05162127841559368
0.14619354732442622	0.19782682506247207	0.13925105410189523
0.06992887691897912	-1.216095655825877	0.5672318975421843
-0.6718321125889799	-0.5862034714277736	0.1410769264457756
0.3117122187097703	0.8259832438585941	-0.01086306409580344
-1.0297277228115347	0.0949940171266406	-0.30498101052968535
-0.839555717934553	-0.4098650338637334	-0.05623094799609723
0.8288788068842351	-0.7299837095260518	0.7228530041930064
-0.7366794079276692	0.005823636973147413	-0.1485461227236498
0.21400005232233818	-1.0513676804913985	0.5512336513979366
-0.3498545077249065	-0.025054283935192774	0.004507354924726675
-1.051215107413696	-0.69041643858523	-0.09320632132888954
-0.5133071599004834	0.5354160432184888	-0.17061916559708096
0.5230823192916431	-0.4334535956990933	0.537588007987391
0.4982350786675094	-2.9639653831766273	1.2707095675330957
0.2450820791120651	0.30143040211628874	0.21029335310272274
0.2074162953543848	0.08187424731303611	0.1842013013373218
1.0672649945263903	-0.3370816433518701	0.6828152616178736
0.7636798858641112	-0.05690972988865774	0.47331660976190426
-0.6033371748038379	-1.8676562620423633	0.4862196617644046
-0.41809658082748874	1.3748086651220153	-0.44952064260280755
-0.024722619649295865	0.2889211625056098	0.07267957107372462
-0.565859789711363	-0.32239971166792697	0.05703565519067445
-0.05414035169891242	1.4120865820926327	-0.27288053138282736
-0.7620485733681761	1.0779094015440478	-0.44624997054210813
-0.3086958562031232	1.5389589549644522	-0.4578854051842495
0.3883014345636411	-0.5613509059129067	0.48240771643396096
0.6164223540875087	0.3102842998180928	0.32347913612485285
0.07042849880559568	-0.38927230238237404	0.3131079603018813
1.191175575975958	0.3114567604315631	0.5184523782894142
-0.8176890600086495	0.6081746336987756	-0.32991085229954537
1.0998014247898142	-1.5637382144071235	1.0800587811767657
-0.676795882095985	-0.22884406357810366	-0.024397994510057006
-0.2126828519831981	-0.8058411902258259	0.32192780057309855
0.05590310058925568	0.05141119618553389	0.15501253027955916
0.546875304260119	-0.6580917729756302	0.5775155004871457
-0.14997289224400986	0.5738955319516517	-0.09780553546778892
0.1738809105773168	-1.1591550655998692	0.6237472620484087
0.5221854999135513	-1.2677752448203126	0.7731655746424221
-0.3247275476371667	0.022748177030943853	0.026483619863333682
-0.4672851930089449	0.13872962393641625	-0.12045228697874721
0.06185187261017777	-0.31275524637045576	0.24293111824780567
-0.5936368002530277	-1.5438233395384096	0.40932813900999165
0.8247580263170349	-0.5542516805081737	0.6315148531592576
0.15412458928412612	-0.3733000962219275	0.36484849439484823
0.07348814213041108	1.6824443054040648	-0.30464561245540245
-0.20896036542868635	0.4748493168456587	-0.08769460741666432
0.5855735543926601	-0.34938855204127217	0.5025926462730482
0.46423492581766235	0.0443088057017582	0.28337387234103517
-0.4868002781495204	-0.024595703402569967	0.013548003520118986
0.34723969792845055	0.2808405811479652	0.23839664758009999
0.3112222568796995	-0.8159025365029425	0.5743571885469806
-0.6241152220305509	-1.0371734610982426	0.21015291132522074
0.07726284954156651	0.7340408256890417	-0.06681083908572742
0.23245927244672002	0.33048179523337506	0.17918989799020538
0.5637427534246385	-0.8010062492099614	0.6711266249813906
0.42781078942246437	1.0943840102389928	0.02272472566333502
0.2379936110157845	-0.8691186457561789	0.5055496853141836
0.24763087250109297	-0.5194662524741056	0.42243859754200475
-0.5646562432355577	-0.5466288359994357	0.11398764429931368
-0.8363165109447119	1.9163745970826882	-0.746817240537164
-0.8710879469514136	-0.23896227322608965	-0.10332988269188827
-0.5429084865307564	-0.1439193147083745	0.011356966731279531
0.5446325048267089	-0.7042923419438497	0.642657801631566
-0.8210531381550675	-1.7264831599979755	0.3446680576940274
-0.4451338251547139	0.29074735490422615	-0.10216151269870886
0.29760359947258974	-0.7944266191884817	0.5120585955189272
0.873972763553126	0.6823356915703602	0.3232329490126182
1.0222956063845858	0.0916317557993426	0.5827694559879754
0.8621310408416418	0.734366241885653	0.3253808144412038
0.9057480237315634	-1.77286608798933	1.0308458980318966
-1.3984500508248958	0.6957837612447294	-0.5984674326115903
0.3195323307177111	0.6056536598697594	0.1331993245510967
-0.06396878706011289	0.7138077684909476	-0.047787447862391655
-0.5098177736482834	0.639812000776475	-0.20324037672473624
-0.209934366144832	-0.8500721031934194	0.3501849999127093
0.33899440561496025	0.6994128724973411	0.13253148742718823
-0.009195805756553935	0.11068679129683288	0.10454931578929286
-0.0542639283449532	1.6047365238149662	-0.2829821789695619
-0.25787033689729244	-1.090596085642631	0.3945627498408685
0.3417432628828974	-0.6109861515673792	0.4860152969469913
-0.2482363729902592	-0.8951496509222348	0.3507106095989365
0.7444721966296047	0.4313850810054347	0.3743572620246505
-0.17853462040785517	0.9441973942622385	-0.19540616045258694
0.8621447567427742	0.35533120033371957	0.41971821045897517
-0.9385352307326049	-0.4769391961145329	-0.04506724098509163
0.1979186032788889	0.14270637731177843	0.2556360966307902
0.11044290600194245	0.06394834315159811	0.20952464172534968
0.49068410910415733	0.18120816307611057	0.30390644624114505
0.9150044948735123	-0.4735260408389814	0.7210314622346488
0.13097592706206512	1.5598269223753163	-0.25498006139410045
-1.3488070587605498	0.5318847973761676	-0.5067440357535431
-0.5450103645748883	-0.9093012696066661	0.21267931017261738
0.6024791850546739	-0.24622768505529133	0.5131778628323371
-0.09023211634111984	0.6536297618670205	-0.03999759587315485
0.6992155728278909	-0.570832490102416	0.6225070140011048
0.3046180158789034	0.23629532258896893	0.26019444543457626
-0.13068812575382882	0.5925009754217246	-0.09371427382798997
-0.3421153950427239	-0.31066860492643794	0.09874558828971984
-0.22565346021507093	-0.09488404837353094	0.12854862913142545
-0.10607592393002174	-0.10757987927591157	0.163319835414193
0.4117774074473809	-0.021681719780792405	0.30627024931790814
-0.8989975518315794	1.8164440524965537	-0.7685143934283764
0.28658535430033516	0.9991810199563412	-0.011410442852345708
0.4096772693401552	-0.2870574380289456	0.4529644210332955
0.9337631085300784	-0.5688893265965689	0.7101892399117845
0.29541784406835425	-0.14868337942002668	0.3432959449007635
0.3750199558430443	-2.0828576496424946	0.9658536074670322
-0.7817442903323308	-1.8814190577801981	0.47218005870105656
0.4102355533420974	0.33907443615798377	0.26119911767393444
-0.3650252005595184	0.12542970325535913	-0.06600749287342073
0.519824450130221	-0.0630757261595851	0.45824592412172055
0.6002957133458818	0.03549541890995592	0.4231462339403872
-0.27397132222001425	0.05529370948633307	0.03485767824500858
0.6553121444059918	-0.06056008361850729	0.4958313192896215
-0.006468063216431923	0.2924931849276962	0.08241800036294683
-0.04569552584610725	-0.03934407092080638	0.15654970056892376
0.8608197937796028	0.028251586890215074	0.5584582193765888
0.6830157465285738	0.31389883154412257	0.3684417057758238
-0.4048042591144834	-0.8850218369414591	0.28233365462424714
0.048548783402532505	-0.207732775977679	0.24088035063644825
-0.4250494365323233	-0.43170828866765404	0.1608694862263122
-0.19462380037685081	0.18524660934397522	0.08707578897562417
1.1691802974253642	0.22211254157038401	0.546048325916114
-0.33024379826939465	-0.5831658998004313	0.24065212988492732
0.1548682847232851	-0.15714954155143704	0.2389652569783367
-0.4780684938330562	0.15575075719992398	-0.04302909714591251
-0.004192462130506645	0.5534825492415432	0.0051178181114537764
0.5386893118644348	1.7251693226564386	-0.0659748727950431
-0.5768741596180168	0.3944995414849608	-0.14511880790475554
0.24323974226628658	0.031428486862193725	0.23048298378808763
0.14592785389655957	-0.5089313715235622	0.3731390817336738
-0.22065349149114064	-1.2392994693128008	0.47431678900767316
0.778489256760745	-0.5361033514922988	0.6557055755716255
-0.6045936108912596	0.32935507838279177	-0.15250147525102012
-1.0980066791500338	1.3867971431374597	-0.722610920389119
-0.21636583900986922	0.7317746325579401	-0.1301752915328524
-0.5583036192992318	1.003999182831463	-0.348918751581725
0.6164870867709664	-0.13163147121158775	0.4229486718006176
-0.07304894222044689	-0.5721665774778075	0.31486587572202973
-0.1992353900585922	0.09947627003959039	0.1133292903925111
0.26894424531591427	-0.38001956560448424	0.4085300825103713
-0.29108388968870086	-1.2984782324712523	0.3801771925261246
0.17269593676258266	0.40516367972257983	0.10266979496020422
-0.36311138408514954	-0.014671800446435172	0.014305500363531592
0.20917383378665977	1.2303032836104635	-0.10833480892398416
-0.30947296571060423	-0.7720256095876242	0.23518832613955798
-0.387161179883271	1.5853377526680463	-0.3931296387279779
0.35033502727640786	-0.5616838938209144	0.47112079838090715
0.9605466507705872	0.07106820097215749	0.5310520222195313
0.26747070636934356	0.2553250929372405	0.2337944243383225
-0.7191976789124143	-0.8024915918082182	0.10803966571718734
0.1572308790809109	0.2870258977451319	0.11408701416194955
0.31896988836546697	-0.05495730239268562	0.3505080621366639
-0.3049716219446256	0.7206927871344015	-0.1625358654474824
0.049365070460633306	0.29799888139074293	0.04965506072968451
0.2733865154468097	-0.4156067694350307	0.4093328309023603
0.3855625405978571	-0.0720570189824523	0.36290675083302076
0.34441849145943604	0.7009790394009082	0.10922028554033111
-0.2958795260771381	0.4734156400826373	-0.1338697470846646
-1.0024771159081214	-0.3025401940237046	-0.13572679651384012
-0.01818824532615381	-0.6619161392804194	0.3398014476845004
0.8040400137325208	1.2741089062641653	0.0968856610391835
-0.21485179567129933	1.0632881287203535	-0.2670623394365101
-0.3154669623978161	2.0242730508594553	-0.6077662824085901
0.5411317855128379	1.7120155417196266	-0.11124866070712161
-0.564326264004691	0.025908586415275048	-0.04669863806738717
-0.22196456707736775	0.33983562925487404	0.000864335235639474
-0.4381425008564543	-0.5684998149992352	0.16117036598729553
-1.0513482762078357	0.28213933650024187	-0.3255766992885107
0.3585595355755693	0.2449323511741866	0.2831878580643778
-0.09090580377033253	-0.5169238420838317	0.26163896334916564
0.14513570414364063	0.1857446735272394	0.19712806071803157
-0.7063243292645641	-0.4453388306750263	0.019164505991315813
-0.9926564972988886	-0.2617571545952996	-0.1263710874887064
-1.7138207583684084	-1.4468537455609776	-0.09238722626542367
0.04891020602469026	-0.9754668362655566	0.45914581692808853
0.23140432084968843	-0.8998079855605051	0.5357239923734906
0.2109259173543771	0.079278425671681	0.2362792182930275
0.6224154098476299	0.08714936331446507	0.3830824472064417
-0.9545210851746228	-0.5754285911324852	-0.01294878375596268
-0.04934364478471318	-0.42106618053777417	0.24880239486222788
0.26667077921860427	1.3686370682617581	-0.15326979913761038
-0.07474442553505202	-1.5775979728980751	0.639178249640587
0.38831894445449505	-0.07897251306620959	0.3530770224001632
-0.6491948785768766	0.055120157785205876	-0.09706142970235382
0.12219084433999532	0.19904328324779638	0.1783196202770041
-0.0639700338312765	0.9268993125050776	-0.11769856924339862
0.2538520482472288	-1.6467578801124658	0.7815327211137177
0.3910951305628007	-0.3024318243506366	0.42909423105017197
0.14604561845103095	0.057420056519940234	0.24311074069088495
-0.8752263649840905	-0.8455991883911629	0.08813183162572562
0.49049684669519944	1.7623152028243285	-0.1834109058081521
0.7301943902730295	-0.6672977105058305	0.7142015570230723
-0.933487674512457	-0.40170434811186573	-0.09046037422249445
-0.8387119891934891	-0.7804132771467459	0.06365356759508517
-0.6569640691803166	-0.002207486222243001	-0.07458244543414341
-0.19505649237651398	-0.138437043376256	0.1553212536059864
0.2929963023154084	0.9506930676923437	-0.026836892274061212
0.0737856135142334	-0.8089138142260759	0.46983801554980714
0.6406544783188051	-0.7092723687743002	0.6528028900858469
-0.4102466431122779	-0.580195084426938	0.12978703243554063
0.20422374179565272	-0.5379888220900261	0.379919364936652
0.5801453611742884	0.42191260091464655	0.2946226926630545
0.4034922526768948	0.719061592777188	0.14394296855803285
-0.2608966019965409	-2.0596414398967853	0.6479025073219468
-0.20060155433561497	0.3151453342217788	-0.0031683262020972443
-0.6862538837477936	0.9242663446375449	-0.3822022105779193
-0.4193956969908619	0.14133212839742146	-0.03680940397657334
-0.34643490493463286	-0.394458151723889	0.11516701191316389
-0.2685575542690417	0.38061549826623853	-0.01973938371405897
0.5946549086815397	-0.5567335091339422	0.5804854609578166
1.0952833672164977	0.9272377120844916	0.3174927964251843
-0.300466646862096	0.6480203897417746	-0.19377266974931778
0.9313560848020902	-0.296276431256304	0.64575067437032
-0.6002775318249656	-0.12058822351983207	-0.04311367922526798
0.16529559881883496	0.6779724761437792	0.043075439304253976
0.12948660959371866	-0.3104350771631902	0.3063672237110101
0.04622752275161014	-0.4179214022686301	0.269826695271303
-0.03190368345053652	0.3677621639583194	0.06816988028930611
-0.10413272081749636	0.4258227570427515	-0.04871446184821046
1.1907678392694003	0.15019481946235455	0.5836383851718342
-0.26390424686078534	0.9552749202020498	-0.25914919647277024
-0.2594385631914619	0.11099145631135496	0.034280869465179394
0.16990593777834606	0.037601871757256204	0.19433024721549996
-0.1688934937550886	-1.0833625160871907	0.3805508411011135
-0.5374623612086751	-0.7044508810458576	0.18686026796597005
0.616139237207605	0.15962407319535035	0.32241785003314816
0.2786697162237678	0.4377778223233411	0.12299392479514211
-0.9413197626003497	1.0142897432560207	-0.4874421353323166
0.812617247503868	0.027825231261871627	0.4975769313882574
0.8304581774840759	0.016586106379863377	0.46756452321076186
-0.6566398101204426	-0.6413170075000838	0.1279997660701075
0.15639361199988197	0.7763896289109832	-0.03506377237167989
-0.696023006813563	0.30142063797186347	-0.21507734865516417
0.030927296827393543	0.5521658027771129	0.00013252475304562084
-0.3207868687149989	-0.47814929985636223	0.12621213631510741
-0.007440419983898398	0.029384310448019847	0.1835773283462788
-0.17622997196471837	-0.26041383562095033	0.20393673112594746
0.0017438740227904868	0.3977297804268566	0.04216119520217991
-0.5423995092104267	-0.6520084086623724	0.16897292517497542
-0.3190443079920137	1.3972528449957773	-0.37323157218239467
0.6052786323942176	-0.6577682466983865	0.6083529321382921
0.5633365949394289	0.2119882944937276	0.34495649888181473
0.6624918695503164	-0.07861109340499459	0.4726539610559949
-0.10998204320737429	0.7371850097903655	-0.12289787292852275
-0.003374535147748056	-0.03176824601031058	0.19084945569981915
0.22500029370740104	-0.6929839779919942	0.48384362497195255
0.6332232976108823	0.012799355040378397	0.43607985072209393
-0.23943062453408265	-0.928797840236148	0.40731075665273075
-0.6348042437696044	0.9354609963271343	-0.34238806076061595
0.9085484137370717	1.150556961294728	0.21173600666912934
1.3183269964248	-0.11428651262337557	0.7007098712490748
0.22087692793172822	-1.4335829536855345	0.6930209615153217
-0.5563640088265518	-0.29668241144201707	0.028656312306275217
0.49284687494560997	0.6950743631827069	0.17798057955561805
0.36033206149181346	-0.7935979774241259	0.5318986641384904
0.5756736437009226	1.8715422819503857	-0.1528253527975007
1.2560808083493786	-0.7806411371589382	0.8935491122247728
-1.3985817346465323	0.633519408951925	-0.5293417609532606
-0.3294504796131292	-0.13087291193406886	0.08179119135779424
0.42163035432581336	0.32064334712494447	0.23438111205137685
-0.026242288711829584	0.2664724985471318	0.09606897828344332
-0.41797669877058363	-1.0586005576528104	0.3300778711758157
-0.5445689881476456	-0.5430027035614995	0.08358783262070829
0.020262142293886058	-0.17353567605729275	0.23301764114688223
0.3539394679118729	0.3350245206775532	0.19733276846732473
-0.38461771208888595	-1.050646044992143	0.3285014841423163
1.0700190064317876	-0.8899243268024266	0.9143300344806367
0.1320834792742134	-0.26080306484394833	0.26609881940900726
0.9463832118056679	0.7020907142175731	0.37370051929649883
-0.1161708288478753	0.06711405629655313	0.07974326001092641
-0.5046965604815309	1.107105127656204	-0.3894991063315034
0.48807838185996516	-0.9764000506499916	0.6608166963916995
0.5908671289754296	-0.3573342963131083	0.46217891798645194
0.10457895765865725	-0.9824806983550158	0.5125179590385434
-1.1689212992716633	-0.8452323260028256	-0.063620326757791
-0.33665623764632013	-0.019020708613432608	0.05915447092966629
0.0902138458983734	1.491774396938554	-0.254824995903878
-1.2101917823997337	-0.45259197244900456	-0.16033131527124586
-1.0367349410029907	0.3714165932656246	-0.39106524241295954
-0.6713817995870436	0.8830383818150918	-0.3570115093835232
-0.39555894489539584	1.472256254908739	-0.3880805917214559
0.653895355012023	-0.7883170311824228	0.6788871678923613
0.5744696067334155	0.5276371515664962	0.2557930287728999
0.31999111557033594	-0.32626364057474894	0.43927891521606177
-0.017589579880708216	-0.707706910500336	0.36247343702864554
-0.7716924856234488	0.37531668959714776	-0.2733159964953818
-0.3238178429048999	0.39863878979497974	-0.04780217091977229
0.5628659270343644	-0.6654408348178728	0.6057382443991957
-0.43616485498295005	-0.5113363553149268	0.14902693555579352
-0.6831640371009496	0.9218500966405031	-0.36444274430388673
0.24577872678046833	-0.7115036561186368	0.5111697384242869
-0.03827543048294691	0.05820145356175877	0.17563920494522478
-0.05364411581846317	0.21891264789927123	0.046337623869869754
-0.362376669462471	0.09388416564949233	0.00046326760165936454
-0.1981459922179628	1.2107486383022303	-0.26676628954048875
-0.7440506418376326	-0.1772245562115331	-0.08735201585219574
-1.0285080771141801	-1.8247141215136964	0.31146617170043045
1.0886850459956379	-0.5776778481657523	0.7642136675001759
0.36148571932516493	0.5054442109993964	0.17572729422070477
-1.178459933565712	-2.0876908540493293	0.2632918085397419
-0.014979352017873199	0.33221945603525405	0.0721499052280416
-0.39115590724844174	0.8046009157433586	-0.14567876580363076
-0.7652077083194071	0.11041494465631181	-0.21905562269600623
0.9578063778954339	0.5988480040939981	0.3601337533998862
-0.7098710419081876	-1.045436519217413	0.18495847497264878
0.4438090304944675	1.0455855697338647	0.09270417917954016
0.2974455537371556	0.018509334959070173	0.27039912674511546
-0.14801153575704382	0.02100968530641064	0.13010825894015465
-0.1382446215206602	0.4889361493620002	-0.03845910509322222
-0.5316559061791425	0.9831168746376798	-0.31278561744820943
-0.9891288472469487	0.4594219822380834	-0.3798575942423126
0.16518658397163768	-1.070673566380114	0.5654113191185255
-0.43077385677390934	-0.9746120173294629	0.253375666968634
0.2302063236638312	-0.18744295791020543	0.30213118438721853
0.3661194490817392	-0.1231555204814462	0.33016036156591677
-0.3985434697205169	0.1231474829056383	-0.043108897788670754
0.7800616404997349	0.7934362965304174	0.25549589706918313
-0.8404531889992397	0.17170268177590553	-0.15202768166174313
0.6538551851801755	1.022669470671364	0.10753946547589217
0.5836693594277017	-1.0640286106523864	0.6969843145428872
0.18906248914007356	1.0284927191216702	-0.06195082785273047
0.8220854355290522	-0.20285750467357364	0.5567430325789765
0.19546415158790106	0.3819839339462165	0.13733370220388902
-0.196169507289084	0.8640811587213524	-0.17496117514082343
0.2397466358876749	0.1367119198671528	0.1624832249586523
0.25030604710767046	0.7117254412790569	0.07221854649913947
0.6717092988964718	-0.33192758847307785	0.5701753286451763
0.03722511316066751	0.671113278219471	0.049601878240512015
0.8283072995215983	0.31767307237192105	0.447443556353191
0.002505523594401929	-0.1539706182679554	0.22338128525633205
0.49984761244133463	-0.4481551395663868	0.4984260896088542
0.6460082359027401	0.8285108025609628	0.2242235376234018
0.17941190920820782	-0.8020712808076204	0.45744520065775174
0.8716014713587654	-0.2644771144248376	0.6184142990135473
0.38149840482407044	-0.7692030671862926	0.5546494413578612
0.7125246090306234	-1.570885737298656	0.9324725980578723
0.6790587863542735	-1.4697799795816813	0.8379716101132555
0.895670122487419	0.43411300559375854	0.41291601118719284
0.4141274076522906	0.3815439072971706	0.2103099564130782
-0.1379671717801639	0.8176444846609505	-0.15728898417086193
-0.22365101930464118	0.07357375238411239	0.05691661346917605
-0.8682871359507226	0.8313087434559147	-0.37780986252907395
-0.08763769515887314	-0.22627441942474902	0.16231153832371698
0.1140507344624347	0.943700821962606	-0.07016962625602086
-0.7279758519457439	-0.4650685678302618	0.007981146153070585
-0.18970155987576426	-0.08858281327968988	0.12306026669878731
0.8188782220525679	1.0297774249110396	0.25037729422428645
0.6661647747954963	-1.5101232013019374	0.9439768826974545
-0.39971447611958455	-0.7389598494980036	0.2632049808785449
0.3174187177611737	0.6965386478534353	0.08624313421837156
0.3677426761400382	0.1461597803795585	0.2687392465197802
0.2418306994810272	0.6641297876698659	0.06560127936796487
-0.9117504204795209	0.617950865042754	-0.3746143457104528
-0.49348001899922356	-0.5922265034125873	0.15337003306973554
-0.27021471687083576	0.2207147956103852	-0.006451234674559193
0.666180818950104	-0.9014769177442268	0.6575782596301871
0.15051191089396443	0.8123795807789116	0.016170154687483135
-0.3599736167398566	-0.5096985092579349	0.18310740543292026
-0.7419889115093058	0.1800146902544118	-0.20255043693251745
0.5941865945990984	0.07208701020175486	0.3444738009650353
-0.03166659304048148	0.0651377554764465	0.12422717323085819
-0.4130534902201753	0.23336028156650515	-0.07866265321522528
-0.5321613483607778	0.5845279631073836	-0.24529963200316418
-0.4113376407597754	-0.8346988849073473	0.255641874751135
-0.8759534926457141	0.3906695147108954	-0.27737033205555583
0.05704360149775158	-0.39247217955251246	0.30813643674198476
0.4198186347906505	-0.023278942663225465	0.314195639046295
-0.3848613769225303	0.04831478508390128	-0.030417330645823755
-0.38206580471910717	0.45778138773882404	-0.1468783521040936
0.03409923441945664	-0.008923622536940441	0.2217568418952004
0.3427771493054964	-0.7895495780036187	0.5434171365765469
-0.06155250285601624	-0.11978368533836425	0.1893858373793249
-0.08498630386100907	-0.7625319101941304	0.3334518285374354
-0.7340283645577153	0.6953621553699311	-0.33071367765185367
-0.39939778464720416	0.6610975865433841	-0.1602403269694052
0.3601530773658417	0.1319249914184387	0.24214909550536787
-0.6206103966261722	0.5885223951894153	-0.2565095853602949
-0.17930132851994332	1.1474849351294738	-0.2804889773190463
-0.12582878099813372	-1.2433539331266137	0.47702445757857004
-0.10012676164485734	0.1941275496484	0.08144355514346353
0.9165056222852475	-0.0743617771020915	0.5239837214744854
-0.24221914112565693	1.0453672446733018	-0.23137383741077236
0.30502598936044667	-0.08331527463201649	0.3667861257478748
0.16065283073269493	0.8972744477575978	-0.044233809000493826
0.6337394941055776	-1.3424144124479773	0.7907467651518084
-0.4365184458827629	0.5577337582508607	-0.13417201415369925
0.06548986096727383	-0.13047609249253186	0.2539679580577896
0.36710131294795806	0.2395590577596866	0.2794727497742831
0.3035557992904063	0.6559300067315947	0.07210668746588336
0.11138711313991301	0.7059586980787801	0.03988024347310012
0.15273890679614333	0.3779131355163683	0.1285436796903064
0.7949396964788243	0.6405189602935275	0.320339909201457
-0.41694871038525594	1.5624092572714559	-0.45790789438090174
-0.4098506450391708	0.01463320103444668	0.0009397686289738701
0.21280154952892197	0.3222072763241803	0.13026939498994988
-0.21650524821121767	-0.8834079576178997	0.35816698641714095
-0.49024553876897975	0.11168942880696163	-0.09060150652783422
0.7362112040865135	-0.3188865916210979	0.6097092865026039
0.8624369271383777	-0.7824750075003944	0.7427820374226112
-0.49212609364028415	2.069001984500208	-0.6938684317085116
0.29384661885286156	-0.5903000208662901	0.480857867234393
-0.07662708320292949	-0.9371606851598452	0.38166029060847084
-0.5202213367073959	-1.6329189848535595	0.4603278287634688
-0.1783481250523274	-0.4272895716245542	0.2705257637739107
-0.15344275094866394	-0.48839160552793415	0.2273851656604611
0.27142014678760024	-0.50781293001302	0.48062541797915664
-0.5340759263596019	0.5563054527740301	-0.23383776719375599
-0.914349755977603	-1.1644090780493248	0.17730772944457868
-0.4406916206970546	0.8133272766201339	-0.24335789361006466
-0.5455412862286982	0.11033200167322142	-0.08553127559380931
0.6971209679935325	-0.2884488932413477	0.4673800299626864
-0.03097356336205578	-0.3142635693616439	0.24985339918709254
0.566810829634651	0.5755505140712356	0.1661767706492256
0.8093948936000541	0.1680221278055097	0.4566728133515833
-0.30964726884822924	-0.3688587880086543	0.16835938918667515
-0.7515480905254752	0.03722581340203609	-0.146716009508393
-0.5852164378411637	0.42051400233581454	-0.15069100656354534
-0.31342659128066924	-0.5294466892630819	0.22537373713002157
-0.001518812141160059	-0.5966259154871563	0.3878887632067161
0.7510784409376697	-0.4907052229702387	0.6443395490066403
0.3352509995279093	0.7598083579156254	0.07152165926553566
-0.09413924285729654	0.032700122672704356	0.12403176917451035
0.08650212988724286	0.4852549262374364	0.06604041600365851
0.30964808138822625	-0.5839447504779175	0.5305969818208706
0.5317129240475966	0.29610789098442664	0.28332429589384134
0.5684727059160262	-0.4113275019452653	0.501186730436699
0.15360580595679676	0.1100777056915517	0.16073246931173155
0.3099877959912002	0.49885358233504246	0.1706238017071415
0.6881047905760865	-1.8116149574744436	1.0457222864495161
0.06365156554734148	-0.1162495280389773	0.1815777100245836
0.7703673433049203	-0.1842281905616293	0.5071716851987981
-0.23623380112319003	1.1890110086321473	-0.27709273827584135
0.1638890094130152	-0.5945833222795367	0.4131149940285901
-0.16726052061023783	-0.6705816514671078	0.2997521786489023
-0.7826711644573929	-0.5225660457301986	-0.007155250027607682
1.0179537190467864	1.5940331241473098	0.09848320165055555
0.006296248332307848	-0.593553243507255	0.3675123744637749
0.3277620426837265	-0.08638254836809914	0.3273745419514395
-0.5430785118495628	0.9878698619232135	-0.3007062682882987
-0.16134581879150944	0.6902552707893529	-0.11208484252605319
0.816944338352138	-0.049006645756446414	0.5353048607504868
0.13211924353983254	-0.5132860729918106	0.33040546959278905
0.0794130479782239	-0.8154542516763557	0.556547935541126
0.8047745803559169	2.098797002185493	-0.14764562809282178
-0.47979530509490403	1.383422995114926	-0.4424303089788186
-1.2344259409347702	-0.17731880473103168	-0.28070590345683666
-0.9962837648465823	1.1189516706235647	-0.6217690703658605
-0.6865945495616503	-0.31514495460463765	0.03617842851634922
0.3859093806616761	-0.4545081366614356	0.43572887025617674
0.01880170785198935	1.4717406004543119	-0.25865622343303796
0.03936327845956223	2.1707519452723107	-0.41203036799154913
0.800581171093536	0.0849432665921056	0.47147667359121376
0.33043470092671146	-1.0784133406331835	0.6118447074672728
-0.20395767401535386	-0.191888688672323	0.14678798611437432
-1.11700454544957	0.238218986388133	-0.37035677483455937
1.3571622338754965	0.8495524380389999	0.43064527271202313
0.45615012431776664	0.003339759243511033	0.32071069781256195
0.13705595989001168	0.4505660002667636	0.10896948044103756
0.5692659943676476	-1.1340665320001821	0.6685256747976283
-0.946859707184065	-1.5582323140240724	0.290212782711583
-0.757945906912529	-0.5866271953040704	0.06186483160933197
-1.3861644889831952	-0.877711415887932	-0.07373233677125485
1.2555664836710427	0.17595142033787356	0.6374204107421764
0.09012266285966451	0.41845257158287313	0.0598888346742538
0.01556859490929044	0.13116991930093871	0.13392654498981793
0.17039132329114567	-0.9663181273326042	0.5205521121267334
0.5791645993657882	0.15454759787213362	0.41152260790131096
0.008199866685114134	0.4954794967918482	0.043857780227975776
-0.03685977584609572	0.07713488240086926	0.15281516449352348
-0.6920666901823164	1.4716560240258796	-0.5555706853996394
0.6200107559694858	-0.07494328927550414	0.3870889399154814
-0.04545375024463934	-0.04235102814486695	0.14209856916683117
0.4131472337212992	-0.009454523834830057	0.34584126019398986
-0.5959823412924714	-0.5765751416943661	0.10804418729969242
-1.265936466888356	-0.872509150047371	-0.08733824359410874
0.7454483145522279	-0.36156967575373805	0.5224844926461498
-0.9235463094244003	0.375722836849674	-0.3063129703176393
0.5754444765084203	-0.286875182351216	0.45456632360551597
0.4098611534122622	-0.3187467152059248	0.4363432002238594
-0.16736334583549597	-0.41695848851490014	0.166995532919547
0.41755418032111924	-0.41005501962563135	0.46078385847347547
-0.6867449995847739	-0.2422130638546311	0.010275901187684781
1.0253393968284008	-0.8213846430766274	0.8325151747273842
-0.24339001825871542	-1.1701176145177177	0.46600203214255204
-0.1317799837146006	-0.47035461845022747	0.28455323706554003
-0.29101149026044065	0.6625509324295058	-0.1919046445777305
-0.6825040500963985	-1.3922614186205395	0.26155536103294497
-1.0531016858142606	0.8298628197526504	-0.510700609643162
-0.23877160155669283	-0.2126301665376949	0.1417832613641622
-0.7170793545139765	-0.52868394619185	0.03723054709203473
0.1100197082583429	0.007571578018654044	0.20766369698571563
-0.1123933024228748	-1.1673464099067112	0.4986088768992964
-0.7496649862012825	0.3897945769932581	-0.23668001585700776
0.5650105569278957	-0.6028515261393322	0.6050022152284715
1.248158097495302	-0.6607377753964002	0.9211524287335988
-0.15705558643286774	0.25829777017966293	0.01715700243374621
-0.23740127187432145	0.85367312475724	-0.1950295292703481
0.5414518420815977	-0.7729279457526054	0.5988367824631852
-0.4326035361195486	0.7888465539889079	-0.19636006854440163
0.09669448579975647	0.9857782262667624	-0.11974799242004436
-0.2368797904901009	-1.5053305613403904	0.5202763317163691
0.01373392924026531	-0.9633056346127044	0.46060805991097054
-0.4748131730158449	-0.010431276482630753	-0.04020781639484916
-0.8279916044905082	0.25762250900964256	-0.22671587449274969
0.27521797598373404	-0.32838817853595137	0.38765641906189197
-0.1829047013690803	0.6007606107936865	-0.06179555241350816
0.6011060164104491	-0.8292116640783813	0.6238215393595978
-0.4932957105806775	0.3151651759721427	-0.15250460503812516
0.5403743354326682	-0.5081471539893192	0.5236366380877504
0.44022627144311505	0.15472709643536467	0.28213550317946545
-0.16433171482972872	0.4800853672787844	-0.004948050841568269
-0.8609386267795722	-0.1170297242040716	-0.1281639598846667
-0.13065834533777737	0.7756030431105035	-0.1666502939601766
-0.033346215501989414	-0.9218956146699445	0.4245862645742844
-0.27974466329004927	0.23320979778007175	0.0044754175736227
-0.054382937112653976	0.4185004598174255	0.0552688952584869
-0.23431030475509654	0.351082503145264	-0.028698523883162345
-0.7050681453288802	0.9756559132522097	-0.4169402473600461
1.4450048261461321	0.004590065530589163	0.7421738440430853
0.35757006163911026	-0.2326113732996922	0.3731947520922717
-0.7209430018662802	0.18944058247976725	-0.1285457660968727
-0.6255166685703724	-0.9118673200271492	0.21273675116103674
-0.5754009859798623	0.9765124901475087	-0.34069395531518204
0.6509341276670503	0.6928975186549301	0.2594946478469098
0.3849233633428224	1.0364641635263951	0.02229093440080688
0.4788941195009772	0.3937115515143933	0.2662748780332305
-0.5226749678604447	-0.14757989774918043	0.052295372044709715
-0.22405689232117168	-0.294013239263773	0.16782157294934025
0.5463212163960117	-0.21009632352194427	0.4810590907082711
0.3477198656543408	0.16162292266561493	0.27170268896951516
0.4569908590009892	-0.603741821758619	0.5315767170859438
-0.796892803406807	0.4642877046557374	-0.2678012095579207
-0.4346490044661878	0.28298389383471517	-0.0710796255725105
0.4949291455020356	-0.21578493205827767	0.4314329044905837
0.2057682206563056	-0.6027929303163634	0.46680435365016076
0.16677257266326773	-2.055317874006406	0.9010596472634629
-0.5523911336057833	0.12984001938714734	-0.0702379783491652
0.4044338560081118	1.0703969612822244	-0.003128963281007126
1.0519754837746094	1.2652268836154388	0.21769561683941602
-1.0676928384889204	-0.2235725176949112	-0.20248111008507677
1.150488399043954	0.477220667514509	0.49550565667406044
0.19253699236586208	0.9480745894799784	0.0046029595593791925
0.5578268385259723	1.0953880355296748	0.051119140023055704
-0.6047453052504599	0.577163139983891	-0.2343568108555097
-0.24087174963540764	-0.4289073334160838	0.23932831727608905
-0.418874472317081	0.6794050852070973	-0.10544669938798458
-0.531909969704123	0.32621870593540697	-0.2199434945401234
0.4547891816584488	0.5009944980116968	0.21537575420405317
-0.25477808872662094	-0.3307610163140855	0.1580903010797599
0.5732224184979413	-0.6035556900381979	0.5662355097277305
0.44564620511351494	0.14527493529967642	0.2649855532991681
-0.27443887689206653	0.3129237625861575	-0.0026397317979464686
0.3976157142033379	-0.020640591888113628	0.30558713419851624
0.05096684961233438	0.5365965387534395	0.05264242993562901
-0.1894263292208999	1.1077718995289443	-0.22691640692001797
-0.6773025563257742	-0.0877404119402249	-0.0663355356813052
-0.42463719045714254	1.0759536989734568	-0.37783427112539686
0.8248629629240573	-0.2803452215530916	0.559950657504729
0.08453615098923255	0.24177480040898092	0.17491742480132863
0.5587610829875577	-0.43277520473290537	0.5494851880220172
-0.4291260601337885	-1.090027448957363	0.3755577296981513
-0.15301767861487045	1.3545404178290783	-0.31332669854254386
-0.4285518673471999	1.2744095769154027	-0.4028867434444111
0.13456405704776017	-0.1722991975463587	0.3156790440581809
0.4796334680525688	-0.00639422858142016	0.3665688676304142
0.7010226339920108	-0.3322517990132234	0.5187020521281811
-0.18085401387724864	0.4808698542306232	-0.07618026075861899
0.10107249931715194	-1.2448423611703847	0.6126371623965697
-0.5024344268175317	-0.833850667098526	0.22712686700438647
0.6911642158754551	-0.4123713177239035	0.5757281673747678
0.8737740725112253	0.8647191040280506	0.25294512573410777
0.4678918629456002	0.06077800371822932	0.3220893866060422
-1.2945606503094318	0.34102042298298246	-0.459406901774597
0.68097897796076	0.5647100367138593	0.272514022142599
-0.262763958565584	1.064133432837357	-0.24908434722324585
-0.7350408760120727	-0.9176258131319769	0.16198134374268908
0.5757286015501295	-0.19132871910317797	0.4332564250778429
-0.2306812135891028	0.7632519250751401	-0.14600196340479066
-0.26990427717135484	-0.6658371861840707	0.3056428756324043
0.1420017501275539	0.050035855910690964	0.18140663501421928
0.48331029060208547	-0.36836983470813023	0.4842540665392871
0.6488365587343488	0.2006782711378086	0.38333712340595527
0.3930351084822189	-0.3151917418262438	0.3790795055641661
0.9346286072041134	-0.7710616022441871	0.7640842749644648
-0.9225691357512741	-1.0097089230547736	0.10702138215832735
-0.37551593461838884	0.20655614731350702	-0.07729380879892898
0.5646776851556142	-0.3904461115396877	0.5180522477451289
-0.933217319364765	-0.1536984215843395	-0.16596108240439944
-0.39433873470632624	-1.3158791033813064	0.3851757681111271
-0.7999183862464632	-0.2759277256970558	-0.06343625130049269
-0.6175497195484709	1.3216223385852754	-0.5278749156130299
0.4014359261441685	-0.562422290072959	0.5166472984203402
0.11476444049101893	0.3302182601002134	0.16950563674902625
-0.0340142447456636	0.012068440462877318	0.15465476511666293
-0.3186631332299087	-0.8186571976969681	0.37903863538722404
-1.000199563921252	-1.2916322638293232	0.1673190658339946
0.3325860639090863	-0.5042389002951638	0.4478715617049273
0.7502996283207402	0.4166217032615583	0.36967400325243005
-0.4457176815394948	-0.3485868765026692	0.12242057486382898
-0.5855290314462299	-0.45338351540910277	0.059797160982312914
-0.3311272639189342	-1.2843290222320962	0.4121354384460386
-0.18337301285247273	-0.3651117488998301	0.17324481758051374
-0.005660103868380872	0.049536627934679035	0.15763657965594108
0.2736465018074966	0.6423616225874628	0.07980743449989092
-0.6164455356201991	0.6261342471271674	-0.31174257347770584
0.6158307818622083	0.026900922267717158	0.3496439798020144
-0.5600823013187011	-0.7506340033944342	0.09158625355385265
-0.23456932342679168	0.3218337063254619	-0.02300968286141864
0.16747732344725755	-0.020087368984972806	0.2891681420717795
0.8861911678720367	-2.085997597942658	1.1487564374039403
-0.9286784242869077	0.8938413009275884	-0.468596878231213
-0.45988994222341706	-1.5292278548191593	0.4213512468482603
-0.5367257942191899	-0.035825698670199246	-0.05734115268880649
0.007350218480249513	-0.38939797334556814	0.343846814871759
-0.6229374528979952	0.2821311084623682	-0.14091550033570457
-0.58018655818761	1.414302047067238	-0.46436273266144307
0.03693774960325529	-0.37614230188643405	0.31660466069323134
-0.6068713603953243	-0.17201534673931998	-0.008125039616821116
-0.46640099614364017	-0.8953066585398413	0.2886643057041478
0.46101312008112816	0.4185413268583324	0.2792948526405761
-0.21359117732294097	0.47866432244665047	-0.07449826431205209
-0.11293924786506356	-0.6345562265575501	0.3300456784566367
-0.8119630482333683	-0.27866918196326224	-0.05740742599154118
-0.024567750559628055	0.10659471272386928	0.16884084184918688
-0.14794288596084137	-1.3638050503440056	0.5293380873447344
-0.0914264184978139	0.7707021676190242	-0.10416366601582355
0.7282565975297073	-0.24939028442837935	0.5391261201307083
-0.13043480264280774	-0.7012145007661555	0.3439539786829248
0.4030015797138411	-1.14370640486589	0.6571128680161686
-0.32311609023344556	-0.18231237258544167	0.07139665745232802
0.8078438172552456	0.1384489109285525	0.45714463914624526
0.1782160277037992	0.4036647465166262	0.10854643194838431
-0.7630665071691376	-0.8014691070689908	0.15962001355133
0.013073624370506935	1.2743597572442453	-0.21794911849937582
0.07592049085066535	0.20704738080353285	0.09771960108646205
0.6675666095995981	-1.3333549480821303	0.7968449939056058
0.16137993923453228	0.02578637223139855	0.2563840079789854
0.8543295141416031	-0.8945295312450058	0.7479724611099968
-0.2803667076511219	-0.4928076351883993	0.21462226569531742
-0.2712506857511942	-1.4299267816856374	0.5591726933143785
0.6518627921750031	-0.30005487640818723	0.520789831816156
-0.546570764036756	0.8380744934758272	-0.3048524203211578
0.7571917205888051	1.4377562325574365	0.022286401594192366
-0.9831121309741304	-0.7688469938750444	0.007157257439846288
-0.1588466781865163	0.07491523083382948	0.09082570249254013
-0.0943878113724169	-0.08756005750489276	0.13120771732401654
-0.4579003965282805	0.05267607703134259	-0.050035861813930015
0.24107531746835628	0.7575778332874735	0.012412996174939003
-0.7300680291272826	-0.30056735042301014	-0.036957584616852834
0.4750546095520147	-0.8325660546620738	0.5901538384761913
-0.5090323868883553	0.15169898748190774	-0.08679145583675729
-0.608380483777058	0.637162365959287	-0.22018627627288304
0.004083135646803265	0.2657897044840424	0.0800341687964147
0.26643895707279086	-0.8900825597374573	0.5636111953303021
0.9443420265169001	-0.4160795684246299	0.6605802355333628
0.6882456854229279	-0.22147725446706884	0.5187011240626296
0.3364022393668828	-0.866190984205452	0.5796946624458379
-0.007266500792928148	0.7750071375743284	-0.06519401240739242
0.3717461626340784	0.6879094435315025	0.09885692592675019
0.12346723041423505	0.5064578848962732	0.0571333696519675
-0.016295880412215843	-0.5610189403535012	0.3281410774050771
0.0022167789404358303	-1.5039968896105542	0.5966571731554653
-0.30824488988374404	0.6966773239835962	-0.18926968708976766
-0.15065855345725507	0.7414257996117399	-0.08622215450379138
0.11125912542629365	0.3291744280460878	0.1555603893111447
0.8031491138285306	0.10649906551241643	0.4142510825171024
0.1830864415365215	-1.4920631005982923	0.7191123872175139
-0.5412315282012863	0.7023183113847932	-0.28461940841156
0.498341677096998	-0.4497910212542933	0.5212528488852535
0.18686187514319225	0.04862176189563803	0.25524807528238497
0.2793054514109504	0.9489083366401659	0.016226115039378795
-0.7572572732212325	0.2622757137919353	-0.190068178081401
0.4373122263320669	-0.07062246718390121	0.34240580732886056
0.030543596318020005	-0.544355489580376	0.4122033268910432
-1.2189918217233322	-0.5765371319069856	-0.12515547383428594
-0.6340601596969034	0.16073231443082442	-0.1387555470361294
-0.9168502547853247	0.0012181260824708163	-0.2038748322246796
-0.19995311953217781	-0.6874350807750564	0.31102345296232803
0.7484926469439321	-2.001151198628863	1.0492256891697043
0.720308092679035	-0.11458733872056145	0.48984397799353285
0.14101195785433268	-0.3169035369160443	0.3167211246387738
0.636729874880685	-0.9514700698625702	0.729405090126545
0.5384870074693346	0.38005211042314696	0.23138257905402107
-0.2616884587780731	-1.1288083086967338	0.39526193416000466
-0.3181607367238909	0.3489110839810596	-0.08924827638912246
-0.5674101475647313	-0.04731406176953404	-0.04841504051284469
0.29127097243304795	-0.9277915795776237	0.5406677786136278
0.3599208542228569	0.30092285905949345	0.21081310472040465
0.10294132278784149	0.17835405499030227	0.13242235861180682
-0.3683406538427741	-0.5548312012324494	0.17597752823653345
-0.8256953985613948	0.8441571924738009	-0.31309810641816604
0.25936483700848023	0.0035834030754165252	0.2683592290194327
-0.12086313612528339	-0.7178678535086588	0.3510045887004672
-0.08840577455550391	0.010018329567316658	0.11879296690689678
-0.9985945888371235	0.11197330546035877	-0.289930697712775
-0.951842265274294	-1.5125506750719404	0.2724396987803569
0.030254706099804303	0.25828467673752187	0.06780294554124268
-0.41503167337908464	-0.15929954189565687	0.12151191843346447
-0.28107488307189243	0.33829270798229905	-0.08390090554467766
-0.44255925159635456	-1.3038008944349349	0.37191432105454314
0.5250178358142162	-0.4246365715830563	0.5153183989120881
0.8657780098946273	0.2741400664430618	0.4929536105546159
1.1671487671600103	-0.4533653486924168	0.7970955905620185
0.7227488873257364	0.4040020242918624	0.3465810059465796
-0.21806834221159455	-1.4769542557464876	0.5256001169510386
0.3450277803640545	-0.8628167015286762	0.5563178944594155
0.7099944003897678	0.021601452495929645	0.3977680646467966
-0.5555591369725323	0.28604300433118324	-0.11567168745518205
-0.4190391608946844	-1.941729520651498	0.5998670113183145
0.8074354381658855	0.07883783997970266	0.44832860432571275
-0.035038823737196904	-0.5849972839948316	0.3302313819228896
-0.6957658644237407	1.57929726429087	-0.5369649598157468
-0.43500452719808164	0.5461130747705335	-0.15204829983542012
